 444444444444444444444444444444444444444444444444444444444444444444444444
 444444444444444444444444444444444444444444444444444444444444444444444444
 444444444444444444444444444444444444444444444444444444444444444444444444
 444444444444444444444444444444444444444444444444444444444444444444444444
 444444444444444444444444444444444444444444444444444444440000000000000000
 444444444444444444444440044444444444444444444444444444440001100000000001
 444444444444444444444000000444444444444444444444444444444001111100000001
 444444444444444444400000000000040044444444444444444400044001111110000001
 144444444004444444000000000000000000000004440000444000000001111111000001
 444444440000040000000000000000000000000000020000000000000001111111100001
 114444440000000000000000000000000000000000022000000000000001111001100011
 111444440000000000000000000000000000000000222000000000000000111001110011
 111144440000000000000000000000000000000022222200020000000000011000111111
 111111044000000000000000000000000000222022222220222220000000001000011111
 111111104400000000000000000000000000222222222222222222000000000000001111
 111111100400000000000000000000000000022222222222222222200000000000000111
 111111110000000000000000000000000000002222222222222222220000000000000011
 111111111000000000000000000000000000022222222222222222222000000000000101
 111111111000000000000000000000000000022222222222222222222200000000000111
 111111111000000000000000000000000000002222222222222222222200000000001111
 111111111100000000000000000000000000000222222222222222222220000000001111
 111111111111111000000000000000000000000022222222222222222220000000001111
 111111111111111100000000000000000000000222222222222222222222000000001111
 111111111111111100000000000000000000000222222222222222222222200000001111
 111111111110000000000000000000000000002222222222222222222222220000011111
 111111111110000000000000000000000000002222222222222222222222222000111111
 111111111110000000000000003000000000002222222222222222222222222200111111
 111111111110000000000000003300000000002222222222222222222222222220011111
 111111111111000000000000003330003000022222222222222222222222222222000111
 111111111111100000000000003333003300022222222222222222222222222222220011
 111111111111100000000000003333303330022222222222222222222222222222222201
 111111111111100000000000003333333333002222222222222222222222222222222220
 000011111111110000000000000333333333302222222222222222222222222222222222
 200000111111111000000000000333333333302222222222222222222222222222222222
 220000011111111111110000000333333333330202222222222222222222222222222222
 222000001111111111111000000333333333330000222222222222222222222222222222
 222000000111111111111000000333333333333000022222222222222222222222222222
 222000000011111111111100000333333333333300002202222222222222222222222222
 222200000000111111111110000033333333333330002220022222222222222222222222
 222220000000011111111110000033333333333333033333002222222222222222222222
 222222000000011111111111000003333333333333333333002222222222222222222222
 222222000000001111111111000003333333333333333330000222222222222222222222
 222222200000001111111111100003333333333333333330000022222222222222222222
 222222220000000111111111100003303333333333333330000022222222222222222222
 222222222000000111111111110000303333333333333330000002222222222222222222
 222222222200000111111111110000330333333333333330000000222222222222222222
 222222222200000111111111111000033333333333333330000000222222222222222222
 222222222200000111111111111100033333333333333330000000022222222222222222
 222222222220000111111111111110033333333333333333000000022222222222222222
 222222222220000111111111111110033333333333333333300300002222222222222222
 222222222222000111111111111111133333333333333333333333002222222222222222
 222222222222000111111111111111133333333333333333333333302222202222222222
 222222222222200111111111111111113333333333333333333333332222202222222222
 222222222222200111111111111111113333333333333333333333332222202222222222
 222222222222220111111111111111111333333333333333333333333222222222222222
 222222222222220111111111111111111333333333333333333333333222222222222222
 222222222222222011111111111111111133333333333333333333333322222222222222
 222222222222222011111111111111111133333333333333333333333322222222222222
 222222222222222211111111111111111113333333333333333333333332222222222222
 222222222222222211111111111111111113333333333333333333333332222222222222
 222222222222222221111111111111111111333333333333333333333333222222222222
 222222222222222221111111111111111111333333333333333333333333222222222222
 222222222222222222111111111111111111133333333333333333333333322222222222
 222222222222222222101111111111111111133333000333300000000000002222222222
 222222222222222222000111111111111111113000000000000000000000000002222222
 222222222222220000000011111111100000000000000000000000000000000000002222
 222222200000000000000001111110000000000000000000000000000000000000002222
 222200000000000000000000111100000000000000000000000000000000000000000222
 000000000000000000000000000000000000000000000000000000000000000000000000
 000000000000000000000000000000000000000000000000000000000000000000000000
 000000000000000000000000000000000000000000000000000000000000000000000000
 000000000000000000000000000000000000000000000000000000000000000000000000
