4444444444444444444444444444444444444444444444444444444444444444
4444444444444444444444444444444444444444444444444444000000000444
4444444444444440000004444444444444444444444444400000220000004444
4440000400000000000000000000000004400000000000000022222000044444
2200000000000000000000000000000004400000000000002220022222222222
2200000000000000000000000000004444400440000000000200022222222222
0200000000000000000000000044444444444444440000000000002222222220
0000000000000000000000000444444444444444444000000000022222222222
0000000000000000000000000444444444444444444000000002222222222220
2222200000000000000000000444444444444444444000000002222222222222
2000000000000000000000004444444444444444444400000222222222222220
0000000000060000000000444444444444444444444440022222222222222200
0000000000666006600044444444444444444444444444000222222222222200
0000000006666666660444444444444444444444444444440022222222222200
0000000006666666660444444444444444444444444444444400002222222200
2200000066666666660004444444444444444444444444444400000222222222
3330000777777777777005555555555555555555555555555500000033333333
3330000777777777777777777005555555555555555555555550000000333333
3330000777777777777777700005555555555555555555555550000000333333
3330007707777777777777000005555555555555555555555555000000333333
3330007777777777777770000005555555555555555555555555000003333333
3333007777777777777770000005555555555555555555555555000333333333
3333337777777777777777777705555555555555555555555555000333333333
8888888888888888888888888888880888888888888888888888008888888888
8888888888888888888888888888888888888888888888888888088888888888
8888888888888888888888888888888888888888888888888888088888888888
8888888888888888888888888888888888888888888888888888888888888888
8888888888888888888888888888888888888888888888888888888888888888
8888880000000080000000000008888888888888888888888888008888888888
0000000000000000000000000000000888888888800000000000000888880000
0000000000000000000000000000000000000000000000000000000000000000
0000000000000000000000000000000000000000000000000000000000000000

0000000000000000000000000000000000000000000000000000000000000000
0000000000000000000000000000000000000000000000000000000000000000
0000000000000000000000000000000000000000000000000000000000000000
0000000000000000000000000000000000000000000000000022222000000000
2200000000000000000000000000000000000000000000002220022222222222
2200000000000000000000000000004444400440000000000200022222222222
0200000000000000000000000044444444444444440000000000002222222220
0000000000000000000000000444440000000004444000000000022222222222
0000000000000000000000000444440000000004444000000002222222222220
2222200000000000000000000444440000000000444000000002222222222222
2000000000000000000000004444400000000000444400000222222222222220
0000000000060000000000444444400000000000444440022222222222222200
0000000000666006600044444440000000000000444444000222222222222200
0000000006666666660444444400000000000000444444440022222222222200
0000000006660000660444444400000000000000004444444400002222222200
2200000066660000660004444400000000000000000444444400000222222222
3330000777000000777005555555500000000000000005555500000033333333
3330000777000000077777777005555000000000000005555550000000333333
3330000777000000000777700005555000000000000000055550000000333333
3330007707700000000777000005555000000000000000055555000000333333
3330007777000000000770000005555000000000000000055555000003333333
3333007777000000000770000005555000000000000000055555000333333333
3333337777000000000777777705555000000000000000005555000333333333
0000000000000000000000000000000000000000000000000000000000000000
0000000000000000000000000000000000000000000000000000000000000000
0000000000000000000000000000000000000000000000000000000000000000
0000000000000000000000000000000000000000000000000000000000000000
8888888888888888888888888888880000000000000000000888888880000000
8888880000000080000000000008888800000000888888888888008888888888
0000000000000000000000000000000888888888800000000000000888880000
0000000000000000000000000000000000000000000000000000000000000000
0000000000000000000000000000000000000000000000000000000000000000
