(f4.0)
 10.
(10f10.2)
    -99.00     72.00     76.00      5.00      2.50      6.25     93.75      1.00 881201.00 211003.00
(9f8.2)
    0.00    0.00    0.00    0.00    0.00    0.00    0.00    0.00    0.00
    0.00    0.00    0.00    0.00    0.00    0.00    0.00    0.00    0.00
    0.00    0.00    0.00    0.00    0.00    0.00    0.00    0.00    0.00
    0.00    0.00    0.00    0.00    0.00    0.00    0.00    0.00    0.00
    0.00    0.00    0.00    0.00    0.00    0.00    0.00    0.00    0.00
    0.00    0.00    0.00    0.00    0.00    0.00    0.00    0.00    0.00
    0.00    0.00    0.00    0.00    0.00    0.00    0.00    0.00    0.00
    0.00    0.00    0.00    0.00    0.00    0.00    0.00    0.00    0.00
    0.00    0.00    0.00    0.00    0.00    0.00    0.00    0.00    0.00
    0.00    0.00    0.00    0.00    0.00    0.00    0.00    0.00    0.00
    0.00    0.00    0.00    0.00    0.00    0.00    0.00    0.00    0.00
    0.00    0.00    0.00    0.00    0.00    0.00    0.00    0.00    0.00
    0.00    0.00    0.00    0.00    0.00    0.00    0.00    0.00    0.00
    0.00    0.00    0.00    0.00    0.00    0.00    0.00    0.00    0.00
    0.00    0.00    0.00    0.00    0.00    0.00    0.00    0.00    0.00
    0.00    0.00    0.00    0.00    0.00    0.00    0.00    0.00    0.00
    0.00    0.00    0.00    0.00    0.00    0.00    0.00    0.00    0.00
    0.00    0.00    0.00    0.00    0.00    0.00    0.00    0.00    0.00
    0.00    0.00    0.00    0.00    0.00    0.00    0.00    0.00    0.00
    0.00    0.00    0.00    0.00    0.00    0.00    0.00    0.00    0.00
    0.00    0.00    0.00    0.00    0.00    0.00    0.00    0.00    0.00
    0.00    0.00    0.00    0.00    0.00    0.00    0.00    0.00    0.00
    0.00    0.00    0.00    0.00    0.00    0.00    0.00    0.00    0.00
    0.00    0.00    0.00    0.00    0.00    0.00    0.00    0.00    0.00
 1711.00 3430.62 3397.69 3363.96 3357.54 3336.60 3278.14 3164.97 3039.58
 2940.03 2855.10 2774.67 2727.55 2751.50 2796.76 2823.88 2833.47 2832.33
 2834.06 2854.73 2931.96 3121.69 3345.04 3505.92 3622.42 3680.05 3664.62
 3559.76 3274.45 2732.70 2245.47 2145.72 2296.15 2529.96 2737.70 2816.99
 2796.60 2734.15 2699.20 2742.21 2816.05 2885.39 2953.79 2993.79 3006.08
 3013.90 2993.50 2907.65 2765.07 2587.34 2398.79 2208.65 2045.31 1938.20
 1898.88 1827.78 1742.35 1711.00 1711.00 1711.00 2053.20 2053.20 2053.20
 2053.20 2053.20 2053.20 2053.20 2053.20 2053.20 3153.11 3247.74 3577.14
 1711.00 2858.85 2831.41 2803.30 2797.95 2780.50 2731.78 3164.97 3039.58
 2940.03 2855.10 2774.67 2727.55 2751.50 2796.76 2823.88 2833.47 2832.33
 2834.06 2854.73 2931.96 3121.69 3345.04 3505.92 3622.42 3680.05 3664.62
 3559.76 3274.45 2732.70 2245.47 2145.72 2296.15 2529.96 2737.70 2816.99
 2796.60 2734.15 2699.20 2742.21 2816.05 2885.39 2953.79 2993.79 3006.08
 3013.90 2993.50 2907.65 2765.07 2587.34 2398.79 2208.65 2208.65 2045.31
 1938.20 1898.88 1827.78 1742.35 1711.00 1711.00 1711.00 1711.00 1711.00
 1711.00 1711.00 1711.00 1711.00 1711.00 1711.00 2627.59 2706.45 2980.95
 1229.12 2505.12 2515.12 2344.77 2194.37 2117.09 2067.94 1585.12 1484.04
 1398.45 1336.06 1278.50 1229.01 1217.49 1244.49 1913.50 1943.16 1949.18
 1946.14 1960.02 2017.59 2235.94 2652.99 2891.27 3066.56 3252.85 3334.65
 3298.61 3104.88 2626.39 1984.02 1641.23 1689.61 1903.64 2151.13 2305.88
 2344.02 2343.60 2364.34 2438.26 2534.44 2650.19 2833.51 3027.88 3140.90
 3181.42 3164.45 3025.91 2751.50 2408.36 2072.36 1770.98 2208.65 2045.31
 1938.20 1898.88 1827.78 1742.35 1711.00 1711.00  -10.00  -10.00  -10.00
  -10.00  -10.00  -10.00  -10.00  -10.00  -10.00  -10.00  -10.00 2101.03
 1731.83 2022.92 2285.73 2092.95 1705.14 1501.50 1501.50 1200.00 1200.00
 1200.00 1200.00 1200.00 1200.00  977.19  986.55 1025.28 1062.43 1077.61
 1074.19 1085.81 1127.06 1263.20  -10.00  -10.00 2262.64 2424.70 2559.99
 2608.00 2505.95 2204.95 1682.19 1231.55 1124.93 1250.71 1455.41 1639.91
 1740.94 1807.92 1899.62 2029.58 2133.28 2235.11 2499.64 2916.18 3262.29
 3406.63 3395.56 3215.97 2799.95 2255.38 1759.56 1383.75 1088.99  864.51
  762.91  -10.00  -94.80 -275.60 -327.80 -327.80 -385.32-1440.00-1860.00
-2340.00-2700.00-2880.00-2880.00-2700.00-2220.00-1800.00-1320.00  -60.00
  774.67 1912.69 1485.99 1519.61 1178.42 1390.67  926.27  740.05  666.00
  606.47  566.35  543.15  510.83  471.65  456.32  471.39  496.51  513.27
  513.12  519.03  -10.00  -10.00  -10.00 -140.00 -140.00  -10.00 1672.77
 1735.06 1709.60 1504.46 1200.17  867.43  679.01  692.30  806.75  948.00
 1063.97 1164.70 1283.72 1435.25 1555.68 1617.73 1855.27 2412.35 3047.17
 3397.84 3406.66 3204.56 2742.37 2047.25 1426.16 1006.17  742.75  553.26
  436.68  -10.00  -90.00 -123.90 -275.60  -10.00  -10.00 -312.00 -729.12
-1680.00-2280.00-2880.00-3120.00-3204.84-2940.00-2580.00-1680.00  -10.00
 1945.75 1648.38 1362.07 1584.88 1420.67 1747.95  986.82  527.25  366.15
  328.36  311.68  311.11  311.11  311.11  311.11  311.11  311.11  311.11
  -10.00  -10.00  -10.00 -140.00 -162.20 -164.40 -140.00 -164.40 -168.70
  -10.00  -10.00  -10.00  717.98  -10.00  -10.00  370.49  398.58  465.37
  540.75  620.26  721.56  832.13  932.96  981.77 1130.60 1677.13 2478.59
 3126.45 3131.17 2856.10 2453.54 1841.44 1130.52  -10.00  -10.00  -10.00
  311.11  311.11  -10.00 -436.00 -336.80  -10.00  -10.00  -10.00  -10.00
  -10.00-1200.00-2400.00-3240.00-3480.00-3600.00-3300.00-2400.00 1359.00
 1768.16 1416.01 1239.13 1559.45 1553.89 1247.99 1464.64  720.69  -10.00
  -10.00  311.11  311.11  311.11  311.11  311.11  311.11  311.11  -10.00
  -10.00  -70.20  -92.20 -172.20 -286.20 -523.70 -336.70 -364.40 -362.60
 -309.80 -211.10 -233.30 -275.00  -10.00 -263.90 -226.10  -10.00  -10.00
  -10.00  -10.00  -10.00  -10.00  491.42  521.36  590.87  -10.00  -10.00
  -10.00  -10.00 2371.14 1977.07 1557.80  -10.00  -10.00 -316.20 -228.20
 -334.60  -10.00  -10.00 -436.00 -436.00  -10.00  -10.00  -10.00 1359.00
  929.23  -10.00-1200.00-2460.00-3300.00-3720.00-3540.00-3240.00 1359.00
 1700.00 1770.29 1769.91 1423.81 1528.82 1294.33 1750.82  -10.00  -10.00
 -944.40 -678.00  -10.00  311.11  -10.00  -10.00  -10.00  -10.00  -10.00
 -180.60  -51.40  -82.00 -172.20 -286.20 -523.70 -523.70 -364.40 -400.00
 -377.80 -333.30 -233.30 -386.10 -277.80 -355.60 -367.20 -683.90 -252.80
 -375.00 -372.20 -630.60 -627.80 -683.30  -10.00  211.00  -10.00 -727.40
 -994.80-1466.80-1625.40  -10.00  -10.00  -10.00 -536.20 -418.00 -371.40
 -706.20 -507.80 -313.40 -262.20 -436.00  -10.00  -10.00  211.11  205.00
 1359.00 1234.00  -10.00 -240.00-2448.96-3360.00-3385.08-1800.00 1359.00
 1200.00  -10.00 1255.52 1934.61 1372.37 1186.06 1599.51  -10.00-2150.10
-1433.40 -678.00 -517.80 -297.60  -10.00 -128.30 -200.00 -200.00 -327.80
 -300.00-1539.00  -89.10 -103.30 -197.20 -290.40 -523.70 -357.00 -411.10
 -400.00 -377.80 -333.30 -386.10 -386.10 -616.70-1404.10 -880.60 -697.20
 -580.60 -633.30 -630.60 -630.60 -683.30 -683.30  201.00  -10.00 -380.00
 -804.40-1098.40-2589.60-3040.80-2080.80-1925.80-1994.80-1031.40 -430.80
 -706.20 -744.80 -856.40 -392.20 -361.80  -10.00  -10.00  211.11  -10.00
  -10.00 1234.00 1234.00  -10.00-1680.00-2883.84-1248.00  -60.00 1359.00
 1200.00  -10.00 -900.00 1341.65 1829.09 1789.16 1308.45  -10.00-1191.80
-1433.40 -270.60 -372.20 -372.20 -302.80 -200.00 -200.00 -200.00 -327.80
 -327.80-1539.00 -100.00 -101.80 -194.40 -282.10 -358.40 -405.60 -436.10
 -411.10 -391.70 -333.30 -279.20 -386.10 -616.70-1404.10-1404.10 -902.80
 -775.00 -633.30 -633.30 -630.60 -566.80 -683.30 -410.00  211.00  -10.00
 -417.40 -961.60-2589.60-3040.80-3761.60-3444.80-1994.80-1994.80-1031.40
 -694.80 -744.80 -861.40 -883.80 -411.60  -10.00  -10.00  101.50  -10.00
 -237.12 -638.64 1234.00 2100.00 2100.00-1350.00-1200.00  -10.00 1359.00
 1565.37 1600.00  -10.00 1189.92 1282.30 1324.07 1009.19  -10.00-1191.80
-1191.80 -184.40 -268.40 -372.20 -340.00 -200.00 -200.00 -200.00 -266.70
 -327.80 -208.30-1667.00 -177.80 -200.00 -200.00 -358.40 -405.60 -436.10
 -436.10 -525.00 -766.70 -552.90 -694.20 -425.00 -925.10-1404.10-1379.10
 -902.80 -775.00 -633.30 -469.60 -536.20 -457.20  -10.00  201.00  -10.00
 -378.00 -692.40-2096.20-2589.60-3761.60-3761.60-3444.80-2442.00-2267.40
-1122.60 -833.80 -861.40 -941.80 -883.80 -411.60  101.50  101.50  -10.00
 -302.40 -235.60 1234.00 1360.88 3000.00 2100.00 2370.00  -10.00 2778.06
 1157.46 1951.03 1600.00 1443.92 1128.06  -10.00  694.52  -10.00-1767.00
-1191.80 -157.00 -184.40 -161.20 -200.00 -200.00 -200.00 -200.00 -200.00
 -319.40 -319.40-1000.00 -200.00 -200.00 -200.00 -241.70 -388.90 -405.60
 -440.30 -544.40 -988.90 -830.60 -888.90-1138.40 -952.20 -829.20-1379.10
 -902.80 -775.00 -363.60 -322.30  -10.00  -10.00 1886.36 1221.31  704.26
  -10.00 -378.00 -692.40-2096.20  -10.00-3761.60-3444.80-2442.00-2442.00
-2317.40-1295.20-1353.60-1124.00 -947.80 -839.20 -215.40  101.50  -10.00
 -302.40 -444.60 -592.20 1133.96 2933.96 4134.55 2251.50 3080.61 3134.85
 1435.71 1390.58 1301.50 1842.39 1322.81  -10.00 -750.00  320.69  -10.00
 -149.80 -157.00 -120.90 -180.60 -200.00 -200.00 -200.00 -200.00 -200.00
 -288.90 -397.20 -233.30-1153.00 -200.00 -200.00 -316.70 -713.90-1038.90
 -836.10 -588.90 -988.90 -988.90-1333.40-1333.40-1138.40 -952.20 -416.70
  -10.00  -10.00  -10.00 -322.30 2119.97 2582.32 2613.99 2168.81 1573.00
 1205.05  -10.00 -251.80  -10.00 2862.92  -10.00  -10.00  -10.00-2442.00
-2336.60-2681.40-1956.00-1353.60-1124.00 -947.80 -478.40 -292.00  -10.00
 -160.00 -535.80 -994.60 -579.20 1518.13 3234.55 3560.81 3116.38 3066.21
 1717.32 1644.51 1636.78 1448.51 1850.68 1095.87  -10.00 -360.20  311.11
  -10.00 -261.10 -616.60 -466.60 -405.60 -200.00 -200.00 -200.00 -200.00
 -227.90 -397.20 -397.20-1361.00 -352.80 -250.00 -380.60-1033.30-1180.60
-1327.80-1019.40 -836.20 -988.90-1279.20-1333.40-1138.40 -952.20 -492.80
  515.25  574.44  814.65  -10.00 2803.00 3068.41 3178.30 3038.84 2699.56
 2295.87 2286.90  -10.00 3192.68 3426.53 3541.80 3086.68 1883.49  -10.00
-2336.60-2681.40-2681.40-1956.00-1226.00-1047.80 -564.20 -433.80 -408.60
 -257.20 -535.80 -994.60-1158.40 -579.20 1612.45 3326.05 3034.38 3038.67
 3351.22 3136.19 3091.70 3111.29 2745.16 1813.35  -10.00 -360.20 -360.20
  -10.00-1177.80-1266.60-1166.60-1422.20 -405.60 -400.00 -400.00 -200.00
 -200.00 -252.80 -397.20 -272.20 -800.00 -666.70 -488.90-1033.30-1933.30
-1444.40-1644.40-1077.80-1355.60 -855.60 -850.00 -716.70 -602.80 -602.80
 -327.90  816.15 1115.45 2025.87 3343.05 3831.77 3889.47 3834.77 3733.16
 3568.16 3437.18 3622.61 3960.40 4061.09 4073.77 3761.13 2977.64 1939.28
  -10.00-1811.40-2681.40-2536.80-1880.80-1333.40-1047.80 -466.60 -433.80
 -408.60 -400.00 -672.60 -994.60 -579.20 -444.40 1602.66 3473.56 3263.56
 3628.77 3562.47 3293.91 3365.84 3514.25 2982.63 1900.35  -10.00 -360.20
 -711.20-2322.20-1400.00-1266.60-1422.20-1422.20 -400.00 -400.00 -200.00
 -200.00 -200.00 -252.80 -263.90 -400.00 -666.70 -666.70 -950.00-1933.30
-1933.30-1844.40-1788.90-1433.30-1355.60 -850.00 -850.00 -388.90 -602.80
 -327.90 -286.10 1530.91 2402.82 3669.20 4444.47 4609.46 4622.19 4645.51
 4628.67 4567.13 4521.04 4596.72 4660.72 4566.21 4288.34 3795.65 3003.18
 1944.20  -10.00-1770.00-2536.80-3222.20-2177.80-1377.80 -908.80 -511.20
 -426.60 -400.00 -511.20 -672.60 -783.80 -444.40 -154.10 1752.81 3778.32
 3483.41 3891.71 3519.24 3320.67 3684.09 3872.85 3127.38 2080.77  -10.00
 -955.60-2322.20-2322.20-1400.00-1211.20-1422.20 -688.80 -560.00 -533.40
 -758.90 -300.00 -211.10 -200.00 -227.80 -511.10-1285.60-3033.30-2422.20
-1933.30-1844.40-1844.40-1788.90-1433.30-1455.60 -850.00 -416.70 -333.30
 -311.10  -10.00 1860.99 2883.14 4001.04 4784.86 5028.95 5144.42 5275.83
 5350.83 5332.76 5212.60 5094.43 5042.86 4939.68 4697.00 4323.61 3810.21
 2944.79 1781.00  -10.00-2488.80-3222.20-4155.60-2844.40-1377.80 -800.00
 -511.20 -404.40 -511.20 -688.80 -555.60 -188.90  -10.00  -80.00 2285.48
 3289.56 4022.88 3771.94 3262.29 3443.05 4062.37 4007.88 2974.57  -10.00
-1411.20-1000.00-2322.20-1400.00-1211.20-1211.20-1000.00-1200.00-1800.00
-1366.70 -846.70 -300.00 -211.10 -177.80 -511.10-1800.00-3033.30-3033.30
-2422.20-1488.90-1844.40-1788.90-1622.20-1666.70-1455.60 -416.70-1083.30
 -800.00 1063.24 1994.56 3295.60 4360.64 4982.85 5167.62 5273.60 5469.37
 5633.88 5682.05 5584.48 5391.34 5248.03 5145.49 4979.69 4702.53 4326.93
 3761.20 2757.34 1471.48  -10.00-3100.00-4155.60-4255.60-2844.40-1111.20
 -666.60 -422.20 -408.80 -733.40 -688.80 -500.00 1763.14  -10.00 2386.20
 3533.72 4137.24 4016.41 3340.01 3151.29 3815.96 4318.10 3600.76  -10.00
-1555.60-1411.20-1411.20-1000.00-1000.00-1211.20-1011.20-1733.40-2444.40
-2733.40-1866.70 -846.70 -566.70 -244.40 -433.30-2455.60-3500.00-3033.30
-2422.20-3355.60-3500.00-3111.10-1755.60-1666.70-1666.70 -935.60-1083.30
-1083.30 -800.00 2094.04 3540.34 4724.93 5159.61 5217.28 5206.07 5334.26
 5528.33 5664.58 5670.80 5530.58 5360.75 5247.55 5142.72 4968.88 4716.78
 4335.03 3694.89 2493.51  -10.00-3100.00-3666.60-4255.60-4255.60-2422.20
 -866.60 -444.40 -466.60 -966.60 -733.40  -10.00 2564.86 3132.96 3276.42
 4221.50 4374.48 4232.04 3556.19 3052.21 3491.95 4266.51 4064.44 2753.81
  -10.00-1555.60-1555.60  -10.00  -10.00-1000.00-1011.20-1733.40-2444.40
-2711.20-1866.70-1988.90 -923.30-1400.00 -455.60-2455.60-3500.00-3800.00
-3477.80-4577.80-4000.00-3844.40-3355.60-1766.70-1666.70 -935.60 -294.40
-1083.30 -800.00 -600.00 3684.20 4998.28 5359.02 5263.40 5172.88 5163.28
 5241.14 5385.44 5530.88 5535.52 5446.48 5337.61 5267.14 5152.20 5000.01
 4774.40 4385.02 3646.55 2333.85  -10.00-3666.60-3844.40-4422.20-4155.60
-1333.40 -511.20 -466.60-1200.00 -966.60 2177.08 3203.41 3909.59 4262.47
 4892.83 4708.24 4396.94 3792.52 3212.68 3363.87 4124.58 4294.46 3294.13
  -10.00  -10.00  -10.00  -10.00  -10.00  -10.00 -600.00-1000.00-1733.40
-2444.40-2711.20-1988.90-1988.90-1400.00-1400.00-2577.80-3355.60-3800.00
-4666.70-5144.40-4744.40-4955.60-4200.00-3355.60-1766.70-1795.60 -277.80
 -443.30 -443.30 -350.00 -326.70 5117.95 5576.76 5332.53 5186.88 5173.93
 5066.58 5053.27 5230.68 5417.10 5490.69 5471.23 5419.56 5332.03 5190.29
 5048.79 4821.86 4438.85 3574.43  -10.00-2933.40-3666.60-4422.20-4422.20
-2588.80 -711.20 -400.00-1200.00-1200.00 2368.58 3602.54 4378.74 4823.33
 5215.93 5026.77 4542.11 3972.34 3521.75 3516.43 4116.10 4390.65 3688.16
 1501.50 1501.50 1501.50 1501.50 1501.50 1501.50 1501.50 -300.00-1000.00
-1600.00-1633.40 -655.60-1988.90-2088.90-1400.00-2577.80-2577.80-3355.60
-4666.70-5144.40-5144.40-4955.60-4955.60-4200.00-1766.70-1795.60-1394.50
 -250.00 -443.30 -350.00  -10.00 4976.72 5742.31 5511.75 5211.32 5293.23
 5187.71 4948.76 4964.43 5195.54 5431.90 5561.18 5583.14 5524.15 5367.26
 5184.54 5007.77 4786.68 4387.74 3495.56  -10.00-2397.80-3355.60-4422.20
-2822.20-1000.00 -400.00 -555.60-1200.00 2310.35 3815.41 4628.53 5007.80
 5341.89 5269.94 4730.66 4126.53 3853.84 3880.20 4273.23 4524.78 3890.43
 2777.99  -10.00  -10.00  -10.00  -10.00  -10.00  -10.00 -322.20 -400.00
-1400.00-1633.40-1633.40 -455.60-2088.90-2088.90-1188.90-2577.80-2033.30
-2344.40-5022.20-5144.40-4777.80-4955.60-4788.90-2922.20 -727.80-1811.00
 -330.00 -250.00 -250.00 2916.59 4351.86 5642.72 5757.31 5367.65 5359.48
 5445.84 5181.05 4965.90 5003.58 5226.76 5464.15 5599.93 5627.02 5523.51
 5304.77 5060.07 4858.72 4655.45 4213.73 3345.36  -10.00 -880.00-3355.60
-3255.60-1666.60 -488.80 -200.00 -555.60 1926.95 3740.22 4764.91 5093.12
 5434.84 5479.31 4993.53 4298.74 4107.23 4332.59 4571.09 4712.63 4106.29
 2851.83  -10.00  -10.00  -10.00-1566.60-1355.60-1022.20 -844.40 -455.60
 -744.40-1444.40-1633.40 -800.00 -488.90-2088.90-1344.40-1477.80-2033.30
 -344.40-2155.60-5022.20-4777.80-4733.30-4788.90-3288.90 -883.30 -561.10
-1733.40 -330.00  -10.00 3279.60 3824.91 5127.94 5787.97 5622.96 5455.76
 5566.23 5495.71 5242.22 5027.87 4981.54 5151.44 5346.57 5484.02 5519.84
 5404.71 5139.06 4877.54 4694.03 4490.15 4007.07 3109.34  -10.00-1637.80
-3255.60-2844.40 -533.40 -300.00  -10.00 1353.89 3238.93 4723.60 5184.02
 5491.77 5626.01 5285.56 4524.93 4215.59 4630.68 4958.36 4941.38 4394.50
 3099.75  -10.00-1088.80 -888.80 -922.20-2133.40-1544.40-1155.60 -977.80
-1000.00 -877.80-1444.40-1600.00 -877.80 -488.90-1344.40-1044.40-1477.80
 -405.60 -422.20 -788.90-3022.20-4255.60-2800.00-3288.90-2300.00 -730.00
-1733.40 -577.80 2318.30 3555.29 3913.72 4533.82 5427.26 5662.27 5586.55
 5573.22 5596.66 5477.17 5221.86 4934.17 4820.61 4927.54 5090.96 5245.07
 5335.87 5226.24 4976.65 4754.41 4586.98 4351.64 3825.57 2904.16  -10.00
-2600.00-2955.60-2844.40  -10.00 1413.55 1170.15 2302.92 4226.07 5154.90
 5362.60 5629.33 5477.51 4813.93 4239.16 4620.24 5191.02 5181.47 4677.39
 3539.94  -10.00 -555.60 -711.20 -733.40-2133.40-2133.40-1544.40-2200.00
-1000.00-1000.00 -877.80-1522.20-1294.40 -877.80 -533.30 -352.20  -10.00
 -405.60 -422.20 -422.20 -388.90 -811.10-1344.40-1655.60-2300.00 -730.00
 -561.10 -577.80 2641.82 3819.47 4308.88 4316.07 4872.03 5366.09 5530.08
 5528.24 5514.61 5459.97 5273.05 5026.35 4749.81 4630.68 4703.02 4827.36
 5033.28 5181.10 5104.20 4908.28 4714.83 4529.65 4229.84 3663.10 2823.22
  -10.00-4000.00-3400.00  312.00 1833.97 1543.73 1666.73 3130.63 4650.62
 4739.86 5340.60 5459.85 5039.64 4342.32 4390.53 5124.86 5326.32 4873.90
 3927.32  -10.00 -533.40 -533.40 -640.00 -888.80-2133.40-1544.40-2200.00
-2200.00-1288.80 -933.40-1066.60-2588.80-1294.40 -711.10 -533.30 1838.53
  -10.00 -300.00 -477.80 -411.10 -361.10 -494.40 -735.60-1533.30 -666.70
 -416.70 -377.80 2678.83 4125.65 4783.85 4576.77 4493.38 4900.21 5283.96
 5400.04 5364.72 5308.34 5126.35 4959.81 4827.24 4620.22 4574.75 4619.83
 4709.99 4971.24 5148.98 5080.28 4901.87 4715.36 4464.90 4096.58 3546.28
 2843.55  -10.00-4000.00-3600.00  312.00 1880.63 1761.73 2219.39 3555.99
 3699.15 4543.79 5067.62 5065.38 4518.81 4202.62 4818.52 5344.06 5044.74
 4257.41 3019.63  -10.00 -533.40 -640.00 -866.60 -888.80-1277.80-1133.40
-2200.00-1288.80-1288.80-1066.60-1300.00-1294.40 -872.20 -544.40 2138.22
 2432.10  -10.00 -477.80 -477.80 -394.40  -10.00 -494.40 -735.60 -644.40
 -257.80  -10.00 2393.17 3904.62 5064.16 5031.49 4561.36 4492.85 4970.96
 5286.99 5249.99 5152.08 4994.25 4794.97 4798.78 4726.53 4659.55 4719.95
 4711.18 4805.40 5090.70 5199.07 5070.40 4902.58 4697.10 4361.85 3969.33
 3471.47 2885.97  -10.00-4000.00-3600.00  -10.00 1964.69 2048.07 2648.24
 2957.16 3553.83 4132.94 4651.85 4636.68 4204.28 4447.20 5173.04 5267.42
 4618.92 3631.97 2251.50  -10.00 -555.60 -640.00 -866.60 -977.80 -977.80
 -911.20-1200.00-1977.80-1244.40-1300.00-1511.20 -872.20 -711.10 2293.83
 2972.86 2775.19  -10.00 -477.80 -444.40 1793.69  -10.00 -422.20 -422.20
 -257.80 1586.84 2198.34 3079.00 4701.54 5288.95 4887.40 4423.77 4644.91
 5204.65 5267.78 5079.54 4920.34 4751.57 4745.16 4818.73 4786.06 4866.29
 4947.95 4905.45 5044.06 5248.48 5185.78 5022.06 4879.26 4621.48 4247.98
 3869.74 3413.94 2999.29  -10.00  -10.00-3200.00-1600.00 2054.77 2373.83
 2754.65 2980.11 3144.87 3604.03 4317.35 4334.33 4212.45 4776.23 5288.95
 5056.84 4287.19 3144.74  -10.00 -962.20 -733.40 -626.60 -822.20-1044.40
 -800.00-1022.20-1977.80-1977.80-1244.40-3666.60 -755.60 -711.10 2293.54
 3246.32 3438.70 2653.48  -10.00 -572.20 2210.74 2147.66  -10.00 -327.80
 -237.80 1259.47 2137.93 2386.25 3613.12 5036.19 5113.27 4608.15 4471.11
 5002.15 5314.39 5123.52 4872.53 4749.03 4774.16 4930.27 4951.36 4950.10
 5051.23 5088.85 5084.34 5232.01 5248.31 5080.82 4948.52 4801.72 4510.84
 4152.45 3791.39 3400.90 3060.54 2703.54  -10.00  -10.00 -800.00 2213.22
  -10.00  -10.00  -10.00 2533.29 3294.77 4078.34 4169.66 4349.06 4906.55
 5163.50 4820.69 4034.94  -10.00 -962.20-1008.80 -733.40 -600.00-1044.40
-1044.40 -977.80-1355.60-1977.80-1044.40-3666.60-3666.60 -800.00 2247.52
 3249.69 3816.64 3472.08 2257.14  -10.00 2179.93 2700.74 2169.76  -10.00
 -237.80 -295.60 1776.41 2189.09 2521.84 4105.10 5084.49 4754.79 4439.77
 4679.20 5122.38 5134.70 4868.20 4682.93 4743.15 5003.55 5147.56 5085.88
 5033.60 5060.26 5073.30 5146.21 5216.21 5103.42 4945.58 4842.29 4675.97
 4390.57 4063.12 3716.82 3388.20 3154.13 3072.47    0.00  -10.00 -600.00
 -450.00 -733.30-1099.90 -583.30  -10.00 3098.08 3782.84 4060.99 4390.55
 4761.77 4858.67 4548.89 3803.92  -10.00-1008.80-1008.80 -488.80 -600.00
-1044.40-1644.40-1044.40-1355.60-1022.20-2811.20-3666.60-1377.80 -800.00
 3183.67 3860.85 3942.93 3213.96 1993.51 1983.47 2894.95 2798.70 1797.01
  -10.00 -120.00 1151.13 1931.52 2095.62 2941.96 4576.29 4834.85 4414.12
 4380.54 4656.70 4865.23 4778.99 4630.89 4591.17 4899.43 5220.27 5269.63
 5125.43 4968.46 4889.63 4963.66 5074.45 5053.67 4911.62 4792.73 4696.49
 4521.41 4260.04 3960.97 3637.20 3387.19 3341.38 3231.36 2751.50  -10.00
  -10.00 -733.30-1099.90-1099.90 -738.30 -738.30 2697.09 3457.77 3974.18
 4264.51 4437.44 4489.25 4240.83 3778.55  -10.00 -252.20 -244.40 -238.90
 -277.80 -411.10-1644.40-1044.40-1100.00-1666.60-3200.00-3200.00 -800.00
 3159.57 3911.74 3991.01 3811.95 2916.11 2268.57 2893.11 3328.29 2467.26
  -10.00 -333.30  630.81  -10.00 1940.64 2328.55 3606.84 4652.65 4414.16
 4192.07 4249.90 4366.30 4411.06 4473.29 4475.80 4639.51 5067.90 5318.10
 5311.61 5096.48 4781.48 4699.51 4856.06 4922.85 4837.12 4707.64 4624.64
 4533.59 4362.35 4127.46 3858.45 3577.82 3415.59 3383.55 3134.20 2615.39
 2443.32  -10.00-1916.70-1099.90 -720.00 -738.30 -381.60 2271.94 3236.68
 3858.60 4041.71 4120.14 4218.52 4156.54 3967.05  -10.00  -10.00  -10.00
  -10.00  -10.00-1644.40-1044.40-1100.00-1666.60-2155.60-3200.00 -733.30
 3078.11 4049.20 4081.45 3915.45 3577.65 2948.41 3119.31 3667.02 3306.20
 2141.62  -10.00 -333.30  -10.00 -755.60 2104.27 2780.11 3906.51 4238.62
 4026.10 4008.45 3997.23 3904.59 4012.09 4296.58 4415.51 4759.92 5166.56
 5371.51 5342.15 5008.23 4618.42 4627.60 4747.21 4729.19 4616.70 4529.44
 4481.63 4398.75 4222.33 4009.21 3778.21 3538.36 3383.87 3211.51 2821.60
 2567.83 2170.50  -10.00-1916.70 -366.60 -720.00 -381.60 -381.60 2023.73
 3071.19 3686.31 3878.29 4029.87 4242.75 4293.93 4090.55 3772.49 3678.35
 3104.09 1664.88  -10.00 -255.60 -227.80-1422.20-2622.20-3266.60-1488.80
 2891.25 4063.98 4283.97 3995.30 3798.06 3488.77 3501.71 3964.32 3955.10
 3215.69  -10.00 -333.30 -150.00 -611.10 -755.60 2350.39 2949.07 3576.16
 3685.41 3605.78 3674.81 3523.14 3428.83 3820.80 4203.74 4444.88 4889.63
 5263.61 5430.37 5329.57 4906.52 4604.33 4610.33 4621.39 4544.49 4460.98
 4426.61 4410.19 4299.73 4107.57 3923.73 3705.89 3477.26 3268.30 2921.00
 2797.73 2408.35  -10.00-2655.00 -366.60 -355.00 -308.40 -381.60 -248.40
 1892.12 2896.28 3560.75 3973.16 4269.27 4425.26 4319.11 4188.63 4228.91
 4038.64 2938.53  -10.00 -250.00 -227.80-1044.40-2622.20-3266.60-3266.60
 2684.08 3951.96 4266.30 4107.72 3881.37 3736.24 3766.17 4206.01 4362.79
 4078.81 3307.93  -10.00-1044.40 -343.30 -611.10 -400.00 2437.50 2694.53
  -10.00 3037.33 3048.71 3068.88 2968.19 3173.08 3799.50 4182.95 4555.05
 5053.40 5344.27 5424.27 5231.70 4864.58 4660.54 4596.72 4515.84 4430.07
 4399.12 4416.56 4379.23 4211.59 4033.89 3838.25 3610.75 3429.61 3162.73
 3238.50 2882.60  -10.00-2655.00 -435.00 -300.00 -300.00 -283.30 -300.00
 -300.00  -10.00 2748.45 3692.47 4385.69 4583.66 4408.99 4202.46 4381.64
 4553.92 4101.54 2691.55  -10.00-1533.40-1200.00-1644.40-2622.20-3266.60
 2320.02 3781.20 4126.25 3918.16 3880.24 3771.06 3844.63 4304.82 4619.25
 4519.39 4231.21 3398.71  -10.00-1044.40 -343.30 -600.00 1122.00 1241.00
  -10.00-1887.80  -10.00 2400.96 2534.66 2650.50 3196.38 3880.58 4272.21
 4736.89 5146.69 5315.64 5271.96 5067.12 4860.11 4722.03 4586.88 4432.69
 4371.53 4412.63 4433.58 4317.80 4137.59 3936.47 3702.59 3577.77 3482.14
 3642.24 3482.05 2943.97  -10.00-3722.40 -484.90 -300.00 -300.00 -300.00
 -366.60 -563.40 -583.30 2833.38 4231.29 4810.61 4607.95 4145.86 4144.05
 4566.50 4674.09 3954.41 2455.81  -10.00-1688.80-1800.00-1971.20-2428.80
-2351.20 3304.76 4035.65 3682.47 3569.41 3682.24 3717.89 4248.30 4739.81
 4758.76 4629.75 4366.33 3560.30  -10.00-1000.00-1500.00 1153.00 1159.00
 1157.00  -10.00-1887.80 -955.60 2071.67 2377.20 2667.69 3435.53 4046.78
 4417.81 4785.02 5066.86 5113.55 4968.92 4911.67 4879.23 4744.13 4515.74
 4319.08 4353.59 4425.72 4375.73 4206.44 4002.44 3742.64 3649.59 3694.64
 3850.03 3833.41 3685.75 2821.61  -10.00-4963.20 -541.70 -300.00 -366.60
 -550.10 -563.40 -718.30 -583.30 3543.73 4847.00 4897.23 4285.92 3908.19
 4267.50 4751.46 4706.52 3674.66  -10.00-2177.80-2400.00-2333.40-2200.00
-2222.20 2532.11 3633.63 3655.31 3289.19 3371.01 3547.61 4005.69 4721.37
 4894.65 4766.73 4745.75 4559.97 3997.19  -10.00-1500.00  -10.00 1157.00
 1157.00  205.00  -10.00 -300.00 -955.60 2240.72 2501.02 2994.70 3743.19
 4141.98 4322.94 4584.87 4837.09 4766.98 4703.57 4855.10 4843.32 4626.49
 4326.42 4219.32 4331.32 4337.49 4205.98 4004.44 3742.58 3640.39 3786.19
 3940.28 3936.89 4004.84 3735.95 2648.07  -10.00-4425.00 -541.70 -366.60
 -553.30 -601.70-1038.30 -936.60 2893.59 4502.05 5094.92 4606.69 3905.30
 3931.84 4532.85 4929.09 4578.53 3297.97  -10.00-2555.60-2400.00-2400.00
-2200.00-1335.60 2765.30 3359.97 3326.00 3096.86 3315.38 3739.38 4530.05
 4934.96 4840.11 4778.50 4926.74 4869.91 4580.93  -10.00 3062.13 2345.96
 1738.32 1152.00  -10.00 -400.00 -600.00 2158.71 2561.98 2844.43 3413.65
 3816.92 3874.96 3911.35 4294.25 4576.56 4543.18 4646.43 4790.61 4613.46
 4335.29 4101.34 4166.94 4224.82 4127.06 3939.47 3702.73 3575.60 3776.83
 3965.30 3989.72 4027.59 4140.37 3679.75  -10.00-4500.00-5683.30 -949.90
 -553.30 -760.10-1180.10-1038.30 -936.60 4009.68 5021.27 4936.63 4178.96
 3764.12 4185.84 4821.44 4974.54 4119.02  -10.00-2555.60-2555.60-2400.00
-2400.00-1866.60 1879.04 2658.90 3166.93 3188.38 3071.69 3496.47 4217.20
 4853.70 4887.24 4769.73 4908.11 5198.67 5227.83 4943.03 4207.04 3060.80
 1813.37  -10.00  -10.00 -400.00 -400.00-1000.00 2521.36 2880.32 3223.25
 3507.28 3485.20 3313.88 3494.05 4159.57 4552.91 4575.69 4647.11 4528.22
 4204.23 3961.23 3970.12 4105.88 4035.57 3855.66 3637.26 3502.58 3686.65
 3910.29 4050.53 4032.59 4167.80 4172.50 3621.82  -10.00-5683.30-5750.00
 -949.90 -760.10-1180.10-1180.10-1015.10 3612.77 4716.62 5061.95 4592.79
 3892.80 3902.72 4537.76 5002.63 4677.30 3343.77  -10.00-2555.60-2200.00
-2400.00-1866.60 1200.00  -10.00 2655.71 3304.78 3136.62 3241.43 3852.45
 4592.62 4883.67 4784.51 4839.08 5171.05 5494.74 5403.73 4770.45 3612.80
 2187.56  -10.00 -377.80 -311.10 -400.00-1000.00-1000.00 2716.25 3060.23
 3262.61 3205.68 3015.64 2849.43 3451.40 4418.85 4740.74 4637.75 4501.50
 4128.67 3798.08 3734.54 3948.99 3998.55 3823.43 3606.52 3447.32 3576.69
 3788.24 4038.72 4062.51 4116.60 4222.25 4039.05 3609.60  -10.00-5750.00
-5750.00 -483.30 -853.40-1180.10-1204.90-1350.00 4271.19 4965.69 4903.65
 4270.26 3852.14 4242.89 4842.90 4882.41 3920.16  -10.00-2500.00-2355.60
-2022.20-1753.40 1200.00  -10.00 -787.80 3132.96 3489.86 3244.40 3501.76
 4167.28 4721.83 4787.60 4769.30 5035.37 5461.17 5587.86 5058.66 3761.18
 2259.32  -10.00 -377.80 -444.40 -433.30 -200.00-1000.00 2138.83 2716.46
 2918.57 2991.30 2953.00 2727.34 2890.30 3999.05 4852.50 4828.96 4582.07
 4261.75 3869.08 3657.17 3750.66 3923.92 3851.07 3641.14 3440.37 3470.62
 3601.30 3902.05 4008.77 4033.55 4116.26 4089.43 3926.55 3353.60  -10.00
-5750.00-1399.90 -691.70 -853.40-1204.90-1204.90 3758.82 4726.02 5013.12
 4663.63 4049.64 4051.32 4632.35 4879.15 4342.39 3074.64  -10.00-3600.00
-2000.00-1753.40 1228.00  -10.00 -700.00 2936.95 3751.49 3673.98 3446.42
 3724.61 4350.51 4678.65 4677.19 4819.67 5243.24 5553.42 5233.15 4031.50
 2231.45  -10.00 -466.70 -444.40 -592.20 -433.30 -294.40-1000.00 2261.78
 2501.34 2682.63 2918.36 2961.61 2836.67 3608.08 4748.74 5046.82 4775.08
 4483.55 4156.03 3904.79 3777.02 3810.34 3834.37 3699.17 3483.48 3379.29
 3382.32 3645.82 3821.66 3878.24 3949.45 3973.86 3967.76 3777.03 2672.94
  -10.00-5250.00 -454.90 -708.30 -795.00-1204.90 3297.20 4377.10 4942.75
 4882.37 4325.52 3989.64 4373.05 4802.00 4545.54 3698.50  -10.00-3600.00
-3600.00-2066.60-2388.80 1953.28  -10.00 -800.00 3811.64 4166.04 3851.15
 3601.02 3904.50 4384.70 4526.98 4550.86 4849.47 5282.76 5290.34 4495.50
 2741.14  -10.00 -466.70 -477.80 -592.20 -592.20 -222.20 -405.60-1000.00
 2280.44 2389.97 2770.36 3155.21 3114.64 3465.85 4564.58 5160.98 5019.15
 4714.91 4445.95 4215.09 4054.54 3895.51 3807.02 3728.22 3545.64 3345.38
 3255.56 3356.52 3551.70 3672.12 3772.22 3836.54 3868.28 3927.65 3290.20
  -10.00-5533.30 -499.90 -514.90 -708.30 -795.00 3000.30 3965.07 4673.96
 4878.69 4508.33 4003.17 4086.25 3961.86 3980.90 3840.81 3257.02  -10.00
-3600.00-2066.60-3177.80-2388.80 2688.02  -10.00 3754.60 4390.39 4334.69
 3929.93 3753.14 3990.07 4274.94 4281.38 4370.46 4727.30 5065.60 4857.86
 3681.16  -10.00 -422.20 -477.80 -477.80 -592.20 -222.20 -261.10 -435.60
 2319.93 2370.70 2595.37 3095.64 3356.65 3444.61 4390.27 5180.55 5230.98
 4957.89 4698.60 4457.50 4273.42 4138.19 3944.69 3795.39 3633.28 3406.26
 3319.52 3198.36 3303.37 3482.01 3637.23 3743.15 3790.55 3893.06 3711.38
  -10.00-5533.30-4775.00 -300.00 -673.30 -673.30 2843.06 3660.25 4238.52
 4626.83 4539.36 4031.39 3844.61 3854.52 3947.49 3916.36 3794.64 2720.48
  -10.00-1800.00-3177.80-3177.80 2816.35 3157.04 3501.72 4296.37 4512.53
 4325.69 4034.49 3848.17 3953.68 4038.16 3974.16 4108.06 4481.29 4818.09
 4466.03  -10.00 -500.00 -422.20 -477.80 -377.80 -266.70 -227.80 -261.10
 -538.90 2593.26 2554.35 2872.59 3288.20 3420.32 4104.83 5143.59 5370.82
 5186.66 4931.26 4708.36 4475.66 4325.93 4190.86 3987.78 3794.88 3571.05
 3546.80 3269.10 3184.10 3351.70 3559.59 3703.47 3763.88 3844.94 3881.00
 3280.64  -10.00-5448.30 -646.70 -300.00 -673.30 2876.86 3646.55 3939.78
 4227.48 4388.42 4054.22 3676.27 3752.14 3864.38 3918.46 3928.16 3808.55
 2189.62  -10.00-2333.40-3177.80 2806.06 3481.01 3379.93 3904.92 4367.32
 4446.74 4387.08 4111.18 3823.52 3818.27 3749.56 3733.40 3925.35 4387.30
 4724.32 4030.87  -10.00 -400.00 -366.70 -266.70 -266.70 -227.80 -227.80
 -538.90 2913.80 2776.08 2674.90 2926.25 3196.53 3694.44 4905.72 5456.32
 5365.45 5142.08 4936.12 4758.23 4565.41 4429.53 4247.85 4037.30 3815.18
 3847.34 3519.38 3244.13 3290.01 3529.30 3690.12 3760.22 3826.18 3903.88
 3606.68  -10.00-5737.50-5448.30 -195.00 -450.00 3022.72 3859.93 4064.62
 4052.61 4168.54 4034.10 3609.26 3583.28 3957.42 4273.60 4572.65 4554.09
 3517.76  -10.00-1800.00-2333.40 2935.61 3657.05 3650.23 3528.26 4010.34
 4331.26 4534.61 4453.41 4024.32 3710.52 3628.26 3616.31 3718.62 4017.95
 4534.36 4549.69 3380.97  -10.00 -250.00 -250.00  -10.00 -250.00 -300.00
 -311.10 -800.00 3308.36 2813.69 2553.39 2646.79 3109.94 4340.81 5354.51
 5460.90 5302.56 5106.22 4990.52 4879.02 4721.02 4528.54 4316.50 4101.39
 4160.73 3839.15 3457.11 3297.13 3519.38 3718.41 3762.94 3809.26 3893.88
 3782.40 2993.76  -10.00-5448.30 -350.00 -300.00 3067.96 4107.65 4444.63
 4308.07 4170.71 4031.65 3644.10 3392.34 3657.53 4069.93 4493.92 4801.38
 4484.08 3525.88  -10.00  -10.00 3365.09 3812.35 3981.04 3501.50 3605.72
 4117.28 4531.09 4639.74 4310.92 3796.38 3534.75 3549.08 3685.87 3888.71
 4273.43 4609.20 4179.96 3270.49  -10.00  -10.00 3459.24  -10.00  -10.00
 -350.00 -800.00 3656.65 3512.90 2613.01 2110.33  -10.00  -10.00 4843.11
 5343.76 5346.81 5194.32 5098.64 5092.12 5022.93 4841.26 4612.60 4400.56
 4451.57 4144.61 3738.81 3390.28 3467.96 3767.86 3838.80 3807.64 3861.21
 3845.23 3241.20  -10.00-1766.70 -466.70 -308.40 2974.96 4267.62 4775.71
 4730.25 4475.63 4198.60 3801.42 3378.09 3398.37 3809.23 4299.80 4735.73
 4827.27 4397.96 3774.59 3445.97 3722.77 4071.56 4168.30 3689.21 3345.81
 3806.96 4456.05 4707.64 4480.66 3959.53 3503.03 3419.46 3572.98 3762.86
 4037.39 4379.11 4444.31 4061.58 3965.92 4457.68 4441.88 3865.72 2865.36
  -10.00 -600.00 3327.23 4160.79 3355.80 2102.48  -10.00 -900.00 3842.38
 4837.34 5167.56 5193.26 5091.91 5129.19 5192.55 5116.57 4908.21 4683.60
 4686.87 4387.51 3993.65 3552.42 3399.78 3698.95 3947.86 3925.38 3866.11
 3844.77 3467.45 2347.35  -10.00-1283.40 -308.40 2782.95 4275.86 4959.54
 5029.92 4846.11 4529.22 4112.19 3580.47 3297.94 3546.51 4028.70 4466.74
 4764.09 4728.93 4464.77 4142.81 4072.36 4304.38 4284.55 3797.47 3263.13
 3406.03 4200.76 4684.32 4513.53 4029.17 3526.66 3297.43 3383.56 3534.52
 3738.77 4016.56 4242.02 4281.90 4315.79 4555.37 4788.12 4680.75 4080.82
 3193.72  -10.00 2900.00 4188.54 4198.04 2789.84  -10.00-1000.00 2628.68
 3938.39 4706.42 5086.35 5070.36 5049.14 5174.67 5241.62 5133.59 4918.80
 4841.11 4555.84 4169.57 3709.34 3392.06 3529.75 3904.77 4085.34 4037.85
 3915.48 3650.31 2653.07  -10.00-1283.40 -421.70 2326.79 4110.63 4991.91
 5148.07 5073.71 4850.50 4492.47 3970.08 3448.41 3366.50 3747.69 4136.45
 4452.94 4661.41 4697.88 4653.06 4523.34 4540.13 4441.97 3891.56 3286.08
 3106.70 3714.28 4474.53 4446.10 3900.07 3434.66 3218.25 3239.09 3340.27
 3449.76 3641.36 3867.32 4046.09 4248.62 4498.59 4688.86 4757.35 4593.69
 4125.34 3188.42 2869.31 3876.47 4527.45 3695.38  -10.00-1000.00 1759.64
 3027.09 4120.92 4868.88 5099.71 5012.68 5055.50 5180.60 5190.74 5054.56
 4871.39 4637.47 4268.85 3810.82 3429.18 3416.64 3753.53 4101.58 4256.61
 4179.01 3915.30 3157.23 1681.50  -10.00-1033.40 1478.75 3463.87 4773.78
 5063.19 5067.52 4989.62 4780.61 4391.04 3836.11 3411.06 3478.34 3818.09
 4072.53 4338.35 4561.38 4729.90 4753.43 4755.32 4681.80 4160.80 3504.87
 3134.53 3329.51 4084.70 4336.41 3731.89 3093.64 2996.30 3128.78 3276.11
 3340.48 3411.54 3563.20 3726.50 3929.45 4226.26 4424.32 4492.42 4449.24
 4297.98 3858.10 3202.19 3582.73 4417.15 4272.24  -10.00  -10.00 1407.52
 2504.71 3745.67 4677.92 5133.18 5093.48 4992.78 5033.11 5062.39 5008.28
 4697.37 4579.93 4286.62 3845.91 3462.82 3397.14 3674.16 4051.83 4351.69
 4465.42 4305.17 3788.90 2394.29  -10.00-1033.40  762.75 2256.23 3998.57
 4670.35 4744.33 4794.33 4802.51 4650.44 4265.54 3740.47 3420.45 3494.34
 3699.98 3907.68 4191.49 4493.41 4646.73 4746.88 4857.28 4576.95 3956.95
 3478.42 3391.36 3827.81 4240.74 3822.17 2914.66 2571.36 2870.65 3230.45
 3430.43 3449.26 3479.42 3565.93 3668.22 3909.33 4163.68 4244.20 4201.40
 4064.77 3895.38 3560.02 3495.04 4099.46 4428.78 3540.15 1943.23 1435.93
 2357.07 3657.83 4668.60 5147.10 5198.42 5031.73 4927.11 4861.58 4768.02
 4323.53 4313.31 4182.26 3820.47 3459.39 3417.20 3705.86 4089.26 4410.27
 4623.11 4636.93 4370.61 3441.37 1775.53  -10.00 -981.00 1315.39 2824.07
 3929.55 4184.71 4235.54 4412.62 4583.88 4524.30 4155.28 3703.01 3419.52
 3394.08 3503.89 3767.45 4133.63 4386.93 4511.67 4794.71 4902.24 4529.80
 3965.80 3732.11 3943.66 4266.79 4132.61 3339.13 2542.12 2508.18 3017.23
 3514.70 3691.69 3647.32 3634.42 3633.44 3721.40 3980.03 4144.11 4127.96
 3978.42 3750.00 3560.82 3487.83 3804.54 4248.49 4003.81 2855.66 1884.68
 2440.55 3708.73 4737.06 5159.50 5215.46 5067.62 4869.41 4685.13 4471.59
 3961.82 3913.20 3947.32 3758.10 3457.92 3434.47 3778.60 4214.94 4538.71
 4729.40 4808.72 4733.02 4310.84 3052.83  -10.00 -900.00 1276.66 2110.81
 3192.51 3673.57 3662.46 3752.14 4104.92 4461.90 4441.83 4105.45 3724.25
 3438.19 3342.51 3502.32 3883.21 4219.52 4341.65 4587.60 4967.25 4999.22
 4548.01 4130.47 4222.36 4474.15 4466.42 4023.35 3244.71 2628.06 2708.53
 3360.22 3872.09 3945.63 3857.23 3795.11 3751.61 3895.74 4139.25 4219.14
 4132.62 3886.02 3581.71 3417.98 3570.39 3932.99 4030.11 3616.52 2814.79
 2799.36 3830.85 4740.25 5116.97 5129.21 4997.18 4767.31 4501.94 4216.27
 3731.47 3652.87 3735.48 3727.97 3559.93 3526.75 3858.74 4340.10 4700.23
 4856.35 4893.63 4883.70 4749.85 4162.51 3065.74  -10.00 1909.14 2197.34
 2886.96 3402.96 3420.96 3319.03 3501.50 4015.74 4457.54 4408.82 4131.42
 3852.99 3627.21 3612.62 3897.24 4266.91 4435.98 4541.89 4885.00 5183.16
 5065.26 4641.31 4510.74 4712.02 4754.17 4530.97 4038.75 3373.04 2793.15
 2995.06 3704.33 4105.01 4084.51 3985.80 3900.60 3912.03 4126.50 4306.46
 4327.64 4192.57 3878.99 3543.72 3426.16 3618.92 3783.54 3787.62 3670.33
 3493.77 4017.97 4682.47 4953.78 4947.05 4816.42 4580.68 4262.15 3955.40
 3551.82 3593.04 3731.75 3841.17 3820.72 3803.79 4025.26 4440.16 4801.62
 4962.49 4958.02 4922.28 4879.59 4692.25 4082.48 3282.64 2685.94 2585.06
 2832.72 3229.09 3374.24 4911.78 4916.14 5000.00 4148.89 4515.64 4426.86
 4289.46 4163.70 4067.16 4175.63 4457.14 4662.82 4721.87 4876.26 5151.49
 4781.87 4604.45 4391.50 4406.64 4462.20 4349.20 4064.71 3667.59 3057.64
 2873.50 2918.06 3501.50 3717.70 3647.80 3571.05 3542.25 3653.26 3844.35
 3943.85 3935.87 3781.35 3496.16 3215.99 3122.38 3172.25 3217.39 3432.91
 3634.90 3831.14 4137.82 4257.31 4213.71 4113.05 3938.21 3647.18 3357.81
 3430.18 3584.63 3834.38 4052.77 4165.16 4200.50 4309.84 4559.50 4822.19
 4968.47 4971.58 4912.58 4856.17 4784.58 4539.55 3954.51 3262.45 2798.01
 2594.66 2778.02 3189.73 4951.83 5000.00 5000.00 5000.00 4412.93 4587.28
 4551.67 4565.92 4518.42 4491.07 4602.23 4765.08 4842.94 4911.98 5045.20
 4669.38 4617.31 4480.93 4365.21 4366.23 4327.57 4135.06 3830.65 3432.71
 2848.51 2850.08 2970.72 3370.36 3394.00 3288.15 3297.26 3372.61 3539.84
 3693.55 3757.57 3713.91 3561.96 3355.14 3133.50 2979.25 2921.45 3058.26
 3435.92 3731.05 3887.55 3919.47 3846.66 3743.35 3648.65 3456.75 3206.53
 3443.24 3612.56 3888.90 4154.55 4368.20 4478.70 4538.15 4638.62 4763.21
 4839.36 4848.59 4809.38 4733.38 4636.13 4493.29 4115.38 3433.25 2776.35
 2160.96 2005.68 2618.38 4826.24 5000.00 5000.00 5000.00 4300.06 4610.56
 4656.01 4681.81 4663.48 4562.81 4501.57 4545.18 4623.87 4711.35 4800.59
 4376.55 4278.16 4188.22 4034.85 3963.69 4075.05 4003.63 3638.48 3282.29
 2923.79 2751.50 2742.07 2883.76 2970.67 2790.93 2770.57 2919.29 3061.78
 3245.69 3385.88 3389.65 3303.06 3230.97 3147.65 2835.85 2872.44 2894.08
 2868.98 3214.24 3442.08 3489.75 3455.64 3385.13 3345.30 3303.80 3179.11
 3578.45 3712.30 3918.77 4109.34 4291.06 4425.58 4462.23 4472.00 4503.30
 4518.84 4502.76 4493.01 4464.83 4343.00 4145.12 3835.61 3284.31 2529.55
  -10.00  -10.00  -10.00 4274.14 5000.00 5000.00 4120.46 4288.69 4507.26
 4578.42 4543.92 4458.60 4285.32 4102.34 5000.00 5000.00 4074.11 4226.75
 3859.30 3775.78 3674.48 3593.85 3304.95  -10.00  -10.00  -10.00 2825.67
 2824.53 2582.99 2329.39  -10.00  -10.00  -10.00  -10.00  -10.00  -10.00
  -10.00  -10.00  -10.00  -10.00  -10.00  -10.00  -10.00 2497.22 2429.26
 2578.75 2793.84 2847.57 3009.24 3051.10 3103.29 3149.98 3220.60 3237.65
 3712.50 3824.07 3936.70 3995.81 4033.56 4075.07 4039.05 3944.18 3901.88
 3900.14 3879.04 3851.33 3939.65 4009.26 3747.44 3391.82 2914.85  -10.00
  -10.00 -664.00  -10.00  -10.00 4652.43 5000.00 5000.00 4126.38 4249.55
 4296.51 4159.23 4016.23 5000.00 5000.00 5000.00 4760.04 4743.42 5000.00
 3185.51 3108.05  -10.00  -10.00  -10.00  -10.00-2940.00-2786.70-2286.70
  -10.00  -10.00  -10.00  -10.00-2933.30-3040.00-3086.70-2920.00-2740.00
-2760.00-2800.00-2740.00-2640.00-2600.00-2580.00-2426.70-2133.30  -10.00
  -10.00 2177.26 2471.29 2743.72 2845.81 2751.50 2972.10 3163.96 3292.45
 3620.79 3769.10 3874.68 3830.96 3662.11 3595.77 3543.69 3298.38 3128.69
 3091.57 3096.58 3058.30 3099.05  -10.00  -10.00  -10.00  -10.00  -10.00
 -630.70 -882.70-1009.30 1937.81 3390.55 4394.97 4999.14 5000.00 5000.00
 5000.00 5000.00 5000.00  -10.00  -10.00  -10.00  -10.00  -10.00  -10.00
  -10.00  -10.00  -10.00-3055.60-3104.40-3220.00-3151.10-2940.00-2786.70
-2286.70-1153.30-1968.90-2886.70-3188.90-3300.00-3393.30-3382.20-3137.80
-2951.10-2995.60-2993.30-2900.00-2802.20-2731.10-2631.10-2497.80-2337.80
-2237.80-2151.10  -10.00  -10.00 2204.67 2373.74 2754.19 2863.95 3119.60
 3072.31 3306.99 3552.91 3674.30 3333.29 2993.95  -10.00  -10.00  -10.00
  -10.00  -10.00  -10.00  -10.00  -10.00-1060.00-1137.30-1304.00-1254.70
-1654.70-1680.00-1246.70-1009.30 1023.65 1613.12 2065.44 2384.43 4356.13
 4674.99  -10.00  -10.00  -10.00-2413.30-2689.30-3053.30-3493.30-3644.40
-3733.30-3753.30-3726.70-3680.00-3626.70-3520.00-3366.70-3200.00-2933.30
-2540.00-2306.70-2606.70-3093.30-3326.70-3446.70-3640.00-3693.30-3606.70
-3446.70-3306.70-3206.70-3126.70-3020.00-2886.70-2793.30-2706.70-2566.70
-2380.00-2240.00-2151.10-1422.20-1000.00 1547.39 1879.15 2351.07 2751.50
 2177.54 2511.13 2819.26  -10.00  -10.00  -10.00  -10.00-1784.00-2025.30
-2025.30-1906.70-1674.70-1624.00-1626.70-1692.00-1758.70-1849.30-1761.30
-1654.70-1680.00-1680.00-1246.70 -378.00 1574.88 1083.52 1416.76 2947.89
  -10.00  -10.00-1334.70-1878.70-2413.30-2689.30-3053.30-3406.70-3640.00
-3733.30-3753.30-3753.30-3726.70-3693.30-3626.70-3531.10-3424.40-3200.00
-2953.30-2975.60-3144.40-3451.10-3562.20-3604.40-3700.00-3786.70-3700.00
-3606.70-3446.70-3333.30-3231.10-3126.70-3020.00-2886.70-2793.30-2706.70
-2566.70-2380.00-2240.00-1422.20 -462.20  826.90 1060.08 1418.51 1803.97
  -10.00  -10.00  -10.00  -10.00 -425.30 -696.00 -908.00-1352.00-1784.00
-2025.30-1906.70-1697.30-1674.70-1634.30-1894.30-2078.30-2083.30-1965.30
-1761.30-1654.70-1680.00-1246.70 -378.00 -245.80  -10.00  -10.00  -10.00
  -10.00 -640.30-1334.70-1842.70-2326.70-2644.00-2832.00-3182.70-3406.70
-3640.00-3733.30-3753.30-3726.70-3697.80-3693.30-3651.70-3668.30-3685.00
-3706.10-3755.00-3809.40-3891.70-3955.00-3893.30-3824.40-3786.70-3786.70
-3700.00-3595.60-3437.80-3333.30-3231.10-3100.00-2964.40-2802.20-2706.70
-2566.70-2402.20-2293.30-2037.10 -983.10 -289.00  -10.00  -10.00  -10.00
 -738.70 -556.00 -359.70 -157.70 -202.30 -425.30 -696.00 -908.00-1229.30
-1476.00-1678.70-1697.30-1674.70-1634.30-1894.30-2078.30-2083.30-2083.30
-1965.30-1639.30-1467.70-1326.00-1338.00-1416.30-1454.00-1474.00-1429.70
-1358.00-1457.70-1631.00-1755.30-1858.70-2326.70-2644.00-2832.00-3182.70
-3400.00-3586.70-3604.40-3664.40-3697.80-3693.30-3651.70-3668.30-3685.00
-3706.10-3755.00-3809.40-3891.70-3955.00-3955.00-3893.30-3824.40-3786.70
-3700.00-3595.60-3437.80-3333.30-3231.10-3100.00-2964.40-2802.20-2675.00
-2558.30-2483.30-2450.00-2383.30-2283.30-1979.30-1471.00-1129.30 -954.30
-2830.30-2820.30-2774.00-2642.30-2435.70-2054.00-1775.30-1737.00-1769.30
-1967.70-2121.30-2169.70-2253.70-2422.00-2548.00-2574.70-2576.00-2517.70
-2400.00-2143.30-1962.70-1961.00-1998.70-2128.70-2245.70-2332.30-2383.00
-2348.00-2310.30-2265.30-2237.00-2250.30-2297.30-2422.30-2553.00-2705.00
-2916.60-3101.70-3273.90-3376.70-3474.40-3558.30-3632.80-3651.70-3668.30
-3685.00-3706.10-3766.70-3809.40-3891.70-3955.00-3893.30-3824.40-3741.70
-3647.20-3483.30-3330.00-3260.00-3180.00-3041.70-2935.60-2933.30-2928.90
-2896.70-2863.30-2830.00-2798.90-2781.70-2771.70-2803.30-2832.20-2833.30
-2972.00-2954.00-2935.70-2917.30-2899.00-2872.70-2842.70-2830.30-2825.30
-2792.30-2747.30-2732.30-2730.70-2719.70-2704.70-2699.00-2697.30-2684.00
-2665.70-2639.00-2609.00-2601.00-2602.70-2615.00-2631.70-2645.00-2656.70
-2638.00-2606.30-2586.30-2571.30-2569.00-2572.30-2595.30-2627.00-2658.70
-2705.00-2841.70-2925.00-3016.70-3116.70-3241.70-3391.70-3500.00-3566.70
-3616.70-3650.00-3700.00-3766.70-3783.30-3750.00-3691.70-3608.30-3525.00
-3441.70-3358.30-3275.00-3200.00-3133.30-3057.80-2993.30-2966.70-2966.70
-2966.70-2966.70-2975.00-2991.70-3000.00-3000.00-3000.00-3000.00-2992.00
    0.00    0.00    0.00    0.00    0.00    0.00    0.00    0.00    0.00
    0.00    0.00    0.00    0.00    0.00    0.00    0.00    0.00    0.00
    0.00    0.00    0.00    0.00    0.00    0.00    0.00    0.00    0.00
    0.00    0.00    0.00    0.00    0.00    0.00    0.00    0.00    0.00
    0.00    0.00    0.00    0.00    0.00    0.00    0.00    0.00    0.00
    0.00    0.00    0.00    0.00    0.00    0.00    0.00    0.00    0.00
    0.00    0.00    0.00    0.00    0.00    0.00    0.00    0.00    0.00
    0.00    0.00    0.00    0.00    0.00    0.00    0.00    0.00    0.00
    0.00    0.00    0.00    0.00    0.00    0.00    0.00    0.00    0.00
    0.00    0.00    0.00    0.00    0.00    0.00    0.00    0.00    0.00
    0.00    0.00    0.00    0.00    0.00    0.00    0.00    0.00    0.00
    0.00    0.00    0.00    0.00    0.00    0.00    0.00    0.00    0.00
    0.00    0.00    0.00    0.00    0.00    0.00    0.00    0.00    0.00
    0.00    0.00    0.00    0.00    0.00    0.00    0.00    0.00    0.00
    0.00    0.00    0.00    0.00    0.00    0.00    0.00    0.00    0.00
    0.00    0.00    0.00    0.00    0.00    0.00    0.00    0.00    0.00
    0.00    0.00    0.00    0.00    0.00    0.00    0.00    0.00    0.00
    0.00    0.00    0.00    0.00    0.00    0.00    0.00    0.00    0.00
    0.00    0.00    0.00    0.00    0.00    0.00    0.00    0.00    0.00
    0.00    0.00    0.00    0.00    0.00    0.00    0.00    0.00    0.00
    0.00    0.00    0.00    0.00    0.00    0.00    0.00    0.00    0.00
    0.00    0.00    0.00    0.00    0.00    0.00    0.00    0.00    0.00
    0.00    0.00    0.00    0.00    0.00    0.00    0.00    0.00    0.00
    0.00    0.00    0.00    0.00    0.00    0.00    0.00    0.00    0.00
